121.736355
122.17231500000003
125.40393000000003
123.66174500000002
121.17288
120.53197500000002
119.9087
119.57095
119.07214000000002
120.57448500000002
121.058385
120.54508000000001
120.502175
120.29978999999999
120.13593499999999
118.55029499999998
119.46270499999999
119.20361999999997
120.15892000000001
119.23508999999999
119.06390000000002
118.88003499999999
120.39669999999998
122.09591000000003
112.47511000000002
120.53170499999999
120.578095
119.04709
120.56356000000001
119.07412500000001
120.967715
119.44295
120.41679499999998
119.31518000000001
119.66873500000001
119.35180500000001
112.11855500000001
121.89658999999999
111.45043000000001
113.51057500000002
113.58503500000002
117.76071500000003
112.17755500000001
113.05169000000004
113.53693500000001
113.50114000000004
113.46575000000003
112.03056500000002
113.25121000000001
111.96274000000001
111.94736500000002
113.42409500000001
113.25446500000002
113.34472000000001
119.83610500000002
111.96327500000002
113.53244000000002
112.03056500000002
113.11651500000002
111.64534500000002
113.12673500000002
111.87528500000003
113.30268000000001
113.26143000000002
119.346405
112.88358500000004
111.87780000000002
113.46146500000002
119.47153
119.552215
119.93099
119.27834500000002
112.13446500000002
112.06250500000003
118.50239000000002
119.27834500000002
119.051105
119.206385
119.27834500000002
119.47742500000001
113.49360000000001
112.30565500000003
119.07310000000003
120.60533000000001
120.50018500000002
119.94298999999998
117.20218500000003
119.279115
119.38179500000001
118.86093000000001
120.227785
120.28152
119.39073
120.21377000000003
120.20220500000002
120.883745
119.741365
120.32633499999997
120.37514500000002
120.01111999999998
120.78945000000002
113.59272000000001
119.553585
119.96127000000001
119.50653499999999
119.6328
119.26728499999999
119.15033500000001
120.07428999999999
118.6496
118.75691000000002
118.51855
118.64133000000001
118.92020500000001
119.29135499999998
118.00814
118.14739
118.521775
118.62085499999998
119.11267000000001
117.97259999999999
118.225125
118.86882500000002
119.035195
118.47014000000001
118.47014000000001
118.43000000000002
120.17425
120.49971500000001
113.45805000000003
119.110805
119.901915
133.16423500000002
133.16423500000002
117.81855500000002
119.63814499999998
120.22864000000001
119.38953
118.44299000000001
118.51855
118.02101
118.37102999999999
118.44966499999998
119.035195
118.47014000000001
117.97259999999999
118.67345499999999
137.64341000000005
160.80581
138.02176500000004
136.175995
120.40938500000001
119.89282500000002
119.20762500000001
120.12584
118.45423000000001
120.262865
119.13442500000001
118.837005
118.21935
118.07530999999999
119.16820500000001
118.62085499999998
118.564805
118.89181
118.735995
118.74690000000001
118.89181
117.18000500000001
119.11904999999999
112.11855500000001
113.43858000000003
119.445605
119.33451499999998
119.604815
119.521675
119.350485
119.30561499999999
119.532855
119.57076000000002
119.206385
119.206385
119.206385
119.206385
119.30561499999999
119.107275
119.37757500000001
119.548765
119.206385
119.00641499999999
119.548765
118.97926499999998
119.107275
119.37757500000001
119.37757500000001
119.13442500000001
119.37757500000001
119.37757500000001
119.560625
119.53339000000001
119.53339000000001
119.37757500000001
119.035195
119.37757500000001
119.69286500000001
119.604815
119.37757500000001
119.37757500000001
119.548765
119.37757500000001
119.560625
119.32761
119.37757500000001
119.37757500000001
119.37757500000001
119.13442500000001
119.090235
119.37757500000001
119.37757500000001
119.37757500000001
119.37757500000001
119.36166499999999
119.206385
119.37757500000001
119.37757500000001
113.534715
113.48923500000001
112.30565500000003
119.37757500000001
119.37757500000001
119.37757500000001
119.69286500000001
119.37757500000001
119.31747500000002
119.37757500000001
119.37757500000001
119.37757500000001
119.37757500000001
119.27846500000001
113.49946500000001
112.06250500000003
112.06250500000003
113.45810500000002
119.051225
112.06250500000003
113.43823500000003
113.53351000000002
113.44967000000001
119.32497500000002
113.44598500000002
119.461515
118.45125
113.48461000000002
113.44967000000001
113.40462500000001
112.57940500000002
119.27846500000001
112.06250500000003
113.45620500000003
119.051225
119.27846500000001
